Comparativo pares estagio 1:
Np   | Nc   | Mod  | C (mm)     | i_efetiva  |i_estagio  | Erro (%)  
--------------------------------------------------------------------------------
17   | 62   | 1.2  | 49.38      | 3.6471     |3.6724     |0.69      
17   | 62   | 1.5  | 59.25      | 3.6471     |3.6724     |0.69      
17   | 62   | 2.0  | 79.00      | 3.6471     |3.6724     |0.69      
17   | 62   | 2.5  | 98.75      | 3.6471     |3.6724     |0.69      
18   | 66   | 1.2  | 52.50      | 3.6667     |3.6724     |0.15      
18   | 66   | 1.5  | 63.00      | 3.6667     |3.6724     |0.15      
18   | 66   | 2.0  | 84.00      | 3.6667     |3.6724     |0.15      
18   | 66   | 2.5  | 105.00     | 3.6667     |3.6724     |0.15      
19   | 70   | 1.2  | 55.62      | 3.6842     |3.6724     |0.32      
19   | 70   | 1.5  | 66.75      | 3.6842     |3.6724     |0.32      

Comparativo pares estagio 2:
Np   | Nc   | Mod  | C (mm)     | i_efetiva  |i_estagio  | Erro (%)  
--------------------------------------------------------------------------------
17   | 62   | 1.2  | 49.38      | 3.6471     |3.6724    | 0.69       |
17   | 62   | 1.5  | 59.25      | 3.6471     |3.6724    | 0.69       |
17   | 62   | 2.0  | 79.00      | 3.6471     |3.6724    | 0.69       |
17   | 62   | 2.5  | 98.75      | 3.6471     |3.6724    | 0.69       |
17   | 62   | 3.0  | 118.50     | 3.6471     |3.6724    | 0.69       |
17   | 62   | 4.0  | 158.00     | 3.6471     |3.6724    | 0.69       |
18   | 66   | 1.2  | 52.50      | 3.6667     |3.6724    | 0.15       |
18   | 66   | 1.5  | 63.00      | 3.6667     |3.6724    | 0.15       |
18   | 66   | 2.0  | 84.00      | 3.6667     |3.6724    | 0.15       |
18   | 66   | 2.5  | 105.00     | 3.6667     |3.6724    | 0.15       |

Comparativo modulos estagio 1:

Modulo   | sigma_b (MPa) | FS_flex  | sigma_c (MPa) | FS_pit   | Status
--------------------------------------------------------------------------------
1.2      | 369.70        | 1.42     | 1378.04       | 0.35     | Falha
1.5      | 217.92        | 2.40     | 1058.00       | 0.59     | Falha
2.0      | 94.90         | 5.52     | 698.17        | 1.37     | Falha
2.5      | 49.91         | 10.50    | 506.35        | 2.60     | Nao Falha

Comparativo modulos estagio 2:

Modulo   | sigma_b (MPa) | FS_flex  | sigma_c (MPa) | FS_pit   | Status
--------------------------------------------------------------------------------
1.2      | 1132.16       | 0.46     | 2411.52       | 0.11     | Falha
1.5      | 662.35        | 0.79     | 1844.51       | 0.20     | Falha
2.0      | 284.78        | 1.84     | 1209.47       | 0.46     | Falha
2.5      | 148.22        | 3.54     | 872.53        | 0.87     | Falha
3.0      | 87.03         | 6.02     | 668.60        | 1.49     | Falha
4.0      | 37.65         | 13.92    | 439.76        | 3.44     | Nao Falha
