Comparativo pares estagio 1:
Np   | Nc   | Mod  | C (mm)     | i_efetiva  |i_estagio  | Erro (%)  
--------------------------------------------------------------------------------
17   | 62   | 2.0  | 79.00      | 3.6471     |3.6724     |0.69      
17   | 62   | 2.5  | 98.75      | 3.6471     |3.6724     |0.69      
17   | 62   | 3.0  | 118.50     | 3.6471     |3.6724     |0.69      
17   | 62   | 4.0  | 158.00     | 3.6471     |3.6724     |0.69      
17   | 62   | 5.0  | 197.50     | 3.6471     |3.6724     |0.69      
17   | 62   | 6.0  | 237.00     | 3.6471     |3.6724     |0.69      
17   | 62   | 8.0  | 316.00     | 3.6471     |3.6724     |0.69      
17   | 62   | 10.0 | 395.00     | 3.6471     |3.6724     |0.69      
17   | 62   | 12.0 | 474.00     | 3.6471     |3.6724     |0.69      
18   | 66   | 2.0  | 84.00      | 3.6667     |3.6724     |0.15      

Comparativo pares estagio 2:
Np   | Nc   | Mod  | C (mm)     | i_efetiva  |i_estagio  | Erro (%)  
--------------------------------------------------------------------------------
17   | 62   | 2.5  | 98.75      | 3.6471     |3.6724    | 0.69       |
17   | 62   | 3.0  | 118.50     | 3.6471     |3.6724    | 0.69       |
17   | 62   | 4.0  | 158.00     | 3.6471     |3.6724    | 0.69       |
17   | 62   | 5.0  | 197.50     | 3.6471     |3.6724    | 0.69       |
17   | 62   | 6.0  | 237.00     | 3.6471     |3.6724    | 0.69       |
17   | 62   | 8.0  | 316.00     | 3.6471     |3.6724    | 0.69       |
17   | 62   | 10.0 | 395.00     | 3.6471     |3.6724    | 0.69       |
17   | 62   | 12.0 | 474.00     | 3.6471     |3.6724    | 0.69       |
18   | 66   | 2.5  | 105.00     | 3.6667     |3.6724    | 0.15       |
18   | 66   | 3.0  | 126.00     | 3.6667     |3.6724    | 0.15       |

Comparativo modulos estagio 1 (Para o Pinho Escolhido):

Modulo   | sigma_b (MPa) | FS_flex  | sigma_c (MPa) | FS_pit   | Status
--------------------------------------------------------------------------------
1.5      | 265.75        | 2.90     | 929.42        | 1.20     | Nao Falha
2.0      | 103.83        | 7.42     | 580.94        | 3.08     | Nao Falha
2.5      | 51.58         | 14.94    | 409.45        | 6.21     | Nao Falha
3.0      | 29.52         | 26.10    | 309.79        | 10.84    | Nao Falha
4.0      | 14.48         | 53.20    | 216.98        | 22.10    | Nao Falha
5.0      | 7.30          | 105.55   | 154.05        | 43.84    | Nao Falha
6.0      | 4.23          | 181.96   | 117.33        | 75.58    | Nao Falha
8.0      | 1.96          | 393.01   | 79.83         | 163.25   | Nao Falha
10.0     | 1.08          | 712.79   | 59.28         | 296.07   | Nao Falha
12.0     | 0.67          | 1156.85  | 46.53         | 480.52   | Nao Falha

Comparativo modulos estagio 2 (Para o Pinho Escolhido):

Modulo   | sigma_b (MPa) | FS_flex  | sigma_c (MPa) | FS_pit   | Status
--------------------------------------------------------------------------------
2.5      | 214.80        | 3.59     | 928.42        | 1.21     | Nao Falha
3.0      | 121.60        | 6.34     | 698.55        | 2.13     | Nao Falha
4.0      | 58.47         | 13.18    | 484.38        | 4.43     | Nao Falha
5.0      | 29.03         | 26.54    | 341.32        | 8.93     | Nao Falha
6.0      | 16.62         | 46.35    | 258.29        | 15.59    | Nao Falha
8.0      | 7.53          | 102.33   | 173.84        | 34.43    | Nao Falha
10.0     | 4.08          | 188.86   | 127.96        | 63.54    | Nao Falha
12.0     | 2.48          | 311.00   | 99.71         | 104.64   | Nao Falha
